% IEEE-14 bus systems
nbus = 14;
Sbase=100;%MVA, Ubase=230kV?
wb = 2*pi*50; % rad/s
START_BUS = 1;

%         |  From |  To   |   R     |   X     |     B
%         |  Bus  | Bus   |  pu     |  pu     |     pu
branch_data=[1      2       0.01937   0.05916    0.05279
             1      5       0.05402   0.22300    0.04920
             2      3       0.04697   0.19794    0.04380
             2      4       0.05810   0.17628    0.03740
             2      5       0.05693   0.17384    0.03386
             3      4       0.06700   0.17099    0.03460
             4      5       0.01335   0.04209    0.01280
             4      7       0.0       0.20900    0.0
             4      9       0.0       0.55618    0.0
             5      6       0.0       0.25020    0.0
             6     11       0.09495   0.19887    0.0
             6     12       0.12285   0.25575    0.0
             6     13       0.06613   0.13024    0.0
             7      8       0.0       0.17615    0.0
             7      9       0.0       0.11000    0.0
             9     10       0.03181   0.08448    0.0
             9     14       0.01270   0.27033    0.0
            10     11       0.08203   0.19202    0.0
            12     13       0.22087   0.19985    0.0
            13     14       0.17089   0.34795    0.0
             9      0       0.00000   0.00000    0.06330
             8      0       0.52510   8.31233    0.03015
             8      0       0.52510   1.32635    0.03015
             8      0       0.52510   0.67307    0.03015
             8      0       0.52510   0.27515    0.03015
             3      0       0.00136   0.02772    0.24916
             3      0       0.00136   0.02772    0.24916
             %3    301       0.00000   0.02800    0.0
             %3    302       0.00000   0.02800    0.0
             ];
         
%         |  at   | P Load | Q Load  |LF Voltage|Nominal U |
%         |  Bus  |  pu    |  pu     |   pu     |     kV   |
 bus_data=[%301    0.59505     0.03363   1.0417      35.4
           %302    0.59505     0.03363   1.0417      35.4
             4    0.47790    -0.03900   1.0282      230
             5    0.07599     0.01599   1.0337      230
             %8          0     0.12900   1.0209      13.8
             9    0.29499     0.16599   1.0147      115
            10    0.09000     0.05799   1.0168      115
            11    0.03501     0.01800   1.0394      115
            12    0.06099     0.01599   1.0528      115
            13    0.13500     0.05799   1.0458      115
            14    0.14901     0.05001   1.0154      115
            ];
        %buses with 0 load demand are not listed here

%      |  at   | Bus  | Voltage  |P gen.   | Q gen.   |Sub-transient|
%      |  Bus  | Type |setting pu|  pu     |   pu     |     X pu    |
gen_data=[1     1       1.0600     2.618681   -0.02863    0.25
          2     2       1.0450     0.183000   0.05857     0.25
          6     2       1.0700     -0.11200   0.4420      0.25
          ];
      %Bus Tpye: 1=slack, 2=PV, 3=PQ